422323
693018
48571
1969218
28643611
25752436
31078356
1299930
11193991
20031091
1139725
4567536
18864191
4468060
8672776
40598189
43239543
18829015
6866387
25566987
9559286
483836
175847
26567636
393302
21141589
1624
544577
10096485
29079065
8029
362987
33201414
11879599
165329
7466264
2108091
619750
118372
50072
4001434
44667
15715762
3184095
44812438
179516
573888
2108020
26428484
20874221
418902
15398727
88383
2488658
903203
2380593
7766419
45083774
3136619
6182858
475452
5342188
41957579
1225919
7950296
16972981
23325915
2134878
437326
41735520
1210990
952246
32465843
29172960
27723127
46688
7426
16975609
2168853
1118396
36253615
30707567
145817
485394
4179247
26403306
273808
12777983
8580
13222024
7586083
8592
36034784
48596
16029555
3620613
18835362
10245
43483082
5960468
48951
266617
2937699
60004
38424193
11772
37836222
46710
2376404
30321125
16805114
234997
51106
9831608
22750311
40359903
19729467
1783947
15363621
7237943
24705615
4164310
42029
46389
14049029
22378121
46755
5030380
42773463
156068
44926841
703940
37502324
990790
965178
17843881
684997
329612
447499
488525
485396
1967320
44510281
485336
491766
439139
485341
16051292
554587
300667
1168437
184399
43460
39038
3418303
39024575
3100262
29359054
22884586
3722148
43154197
46591
14179
21728279
1888300
27622457
91171
1662976
35557391
351949
21591896
424150
196999
3016271
8900317
6605249
39034
40400
149246
282390
355000
38216125
689735
5227023
521205
208417
977032
977013
16134
3491441
40004631
16550
1582771
31168989
43715
16000106
40529493
543729
24806127
19732690
16757822
5026007
699650
6499579
36803795
490071
216485
3613918
3623170
7969401
51275
9791680
14707921
16861
10412631
801691
249154
60540
47699775
39099805
3496664
885386
19603
44833
23501184
46865
315710
475191
20603
1068513
18940560
307179
325393
1775924
39227845
29900534
43449
12818631
40396
50693
69406
4020775
9688792
392871
23883287
5571803
21210
30879349
3576038
3879595
3804714
3879766
4579109
3573298
39156020
44145284
68832
483130
34525509
49281936
266034
35742993
37156790
483468
1134587
422111
43116930
23751558
3720749
31271813
40416723
4335043
262120
27701630
31073225
4501200
14971675
393593
137007
18566148
81480
659458
5232901
2014725
30125776
10771083
23051602
47923
28018225
656843
156883
271544
33537865
15130774
4387036
2482363
36601293
6197738
25473
30236272
2254408
11486170
26049797
9544911
5693206
5144271
5689502
1038531
2606373
5404557
25823619
571374
29191177
1581556
562343
42838617
12011538
12029620
11930363
12242207
3600734
3236344
29191170
3589574
30270366
8185565
13033428
191172
11190750
18918781
18884607
1118975
13438712
30846779
3592736
6195501
1945901
10443808
56978
31790769
26897197
38822502
4976693
37782942
167807
43575836
8510188
1290566
10416168
140367
43455
1111973
38711
365602
61958
7682623
3949645
4675880
1001558
149258
12933313
188086
823411
31898459
192551
204679
189620
16909177
203279
19179392
206552
80888
2102046
22877183
14640462
15808105
21745871
11015252
30322770
34476728
41063509
31294183
31709160
40009589
39543672
33521
587693
1126782
27407062
33917
4689517
12819758
1180073
40645728
40653209
42831580
40818001
40528403
25179916
1025635
13650626
6635792
441912
27681208
32227599
30871090
10699695
31101372
5475353
48723612
31733668
16256457
46387997
45097251
46681894
28054485
34322565
46681890
923995
3308056
40598138
15136777
34512104
5048914
34444948
5936643
35085157
35185314
38243127
12268863
29682693
4882592
1091224
26180282
4124889
2494531
487632
198447
432000
4061841
1563497
41171905
11778948
46713155
22738876
36605624
21856295
5021645
24125782
27066682
13110047
66186
348992
29764822
291145
10476132
27124190
1614762
26605867
377585
376856
3849801
2508048
25358222
31188123
35725540
570135
44026978
345984
3197225
3504170
29762766
2884358
29777986
24898353
2192476
3424730
47968
11742434
3171720
3347837
27940991
25416243
2668796
878129
9000054
29616964
29731553
25564192
1414824
31616780
19081854
36924794
27459570
12608105
3272867
20167416
4674998
19466336
25485654
4174311
85768
5362352
355704
18279481
21057831
28715587
325329
33809605
810758
27935788
4373530
182728
26710343
3574763
10885179
49132691
51547473
7054910
22572068
1060546
30500789
10069532
14480471
20990267
24899644
16938194
1147034
26725588
21975983
485072
12857968
12990206
12392180
9693928
21604718
2384812
382952
1883407
9665677
1218593
1218177
3074047
1074761
25130271
620602
1101834
3134301
29800571
443542
964237
209815
488444
11887218
447401
488445
26691266
3247787
10474825
10014244
51448968
14314
3173887
6627272
39091638
26042562
24891869
34605927
1801372
4568424
23739302
146742
66231
4280622
7783929
89442
3224366
23132306
161350
1973617
2267354
15783711
1248500
12238690
4861689
43404733
30267125
1269814
521230
976945
33950261
12238676
10701662
28363481
30685849
2761294
372481
13958903
13544132
10980955
1220101
60117
1351125
17541559
1061737
14226842
503750
3636947
25687397
23964203
19022230
206165
1221771
23977292
1300500
776844
44757469
44811360
9554623
19346144
464310
10616733
6696402
14528823
39743229
1951235
1105872
51186137
534691
18325021
4080044
16266461
11785694
69880
455232
10591031
45315201
38881745
3804776
360259
5331519
5331537
5331552
5329693
5324355
36638175
443561
923203
5512300
47393763
3298784
39743008
7303815
23914088
638665
4074285
955945
38687527
702855
5649556
27432426
19343933
44149639
11384647
2178135
225878
26324476
649307
4214968
333302
252164
4217073
20961889
886464
25885825
23021326
2431156
49077989
23132483
241257
20918941
22275302
15879096
1220426
1208667
32281021
5003049
1493624
4262066
810348
1862328
50725884
26377832
661947
47262498
26992214
25550591
28858926
401032
2358320
1197596
1246377
2273142
17843642
18697097
1543020
10533235
20762644
8078887
474909
30763305
11926402
41127936
27411939
32613525
12792415
2668732
1628788
15061596
3534408
20099393
16671445
19150871
19029527
7678854
34866867
45077668
1018445
5218056
7427650
448121
2071836
44059082
41116231
25047739
12141983
31071148
7404358
26666514
1416262
1403808
36059181
705687
41531
366696
26735933
21392560
198089
45083450
44907224
218181
10301408
318715
4061738
31885660
13530776
1621200
20205614
20155061
20211731
20047323
12121013
1693407
236491
191740
2809678
614223
188077
3517190
18740953
25820000
35857812
11395584
751991
33742931
1774750
20985007
17989444
1355390
47262488
14038359
14547249
8296282
3567780
21459546
16767599
33924
10850163
2476800
4110093
13922160
5131433
1493672
22497380
9036096
40816896
42543295
42543540
19202869
10716056
4568156
14710971
22696794
35890439
17983568
859942
40598051
6309501
36378753
28877334
5491286
307
37744658
39635269
45631768
2819797
27881484
28555662
267482
342395
50491086
52361272
47176949
38299639
783
15896838
7922723
1194039
50728552
49035607
4161993
35793577
45659161
37945810
6167989
48811830
44070
41526184
46780377
84849
2462890
12495947
19191663
148592
4172536
157100
26110728
1008120
40912019
8942430
251485
1458699
30002077
40951488
417324
17625858
23858156
35211301
17870549
34878034
157446
230033
34823997
18424092
3402937
12532547
2482150
25808083
4057
5378096
14858535
31695751
1163002
44410013
44031089
520727
3096875
29572734
31852551
3685821
33117032
6446
28803743
256112
47227082
22344717
70219
7091190
346543
23635244
1265393
7904287
1722948
5729336
4022115
44204297
1180952
4548661
19012798
1384972
87585
47480227
8547163
9185100
3170781
2871740
24333308
1011843
47804953
46662096
73309
33648311
264462
2176587
34293570
31631211
5693937
11032456
9597
180727
28089117
6729636
4073941
48028592
28792584
43234667
45517167
42707155
5724586
17955331
30944549
44894361
14105833
13762849
13762841
13761935
13212985
7152010
26268329
3808207
33762478
47656102
7095075
47096553
29274834
34373860
1847605
35605559
192399
32487657
2563048
3032611
31374512
31374534
31374571
31374620
31842251
6692814
16175224
28787764
8341388
3026504
6526291
232997
952786
8288132
2129406
13131857
2447662
14825968
717443
717448
14306725
11790784
14445329
14445344
474403
6398005
474146
8288051
5424275
485617
23323083
2411026
11850105
5344543
50189980
16050352
14577414
8265722
1104899
1295574
34345985
185853
4395936
1041429
20503736
34476548
38967952
233761
13060802
1591910
28803740
631072
1844560
20218949
44308554
3011834
47585823
44192367
47718805
27464101
24032909
47585813
44245082
44950518
44896275
50765309
47585809
48047322
27168931
33858149
48032547
48028350
48047314
28041793
492056
381797
240597
38150017
3613301
41521733
5102221
6444225
3799080
2938718
48508090
24494939
26516291
21036617
327127
39725842
41050303
34621622
8347727
15942
360387
15777
315742
6631228
47748206
1228120
9271843
3852208
40508315
108257
13736582
20260944
4379686
56359
443256
30844112
27937906
9840443
20699541
10096572
39025862
21133
21492751
46417661
18503539
12296749
41738470
5358088
43229819
31077106
44242919
36449254
44388131
35924350
12558085
29799820
29570090
29587358
12954642
40492496
3531176
1379173
41157724
25944498
1218219
44842718
5600298
38367
41988212
3232443
293095
22188937
15853026
12314099
31436194
231555
48119897
28835809
39021885
26683318
36687454
6882469
48119886
44118093
19996032
36595
25702525
12644852
12605304
32328893
32327496
38759710
52206629
19882343
30088854
3199761
30074871
9120880
13316368
33854628
38792504
49513905
17141196
331543
18435991
30088765
19882874
39427753
42033006
9581570
30959365
13220545
20147006
25215643
36562595
1704980
1037541
12067906
8715529
14372682
17487487
40088746
5931150
1220570
44327410
12537456
31861697
599527
44327405
326157
1016481
44389455
21110575
195077
29423050
462812
44916407
20838188
39786201
39775858
42474210
1130769
31884460
1004070
20557237
20512811
20526544
1064245
3993329
197046
191006
192358
3698571
955480
192227
29359051
42917607
10367189
39450404
4040114
47992885
33862
441274
36509727
47138780
969666
39487677
19363468
3703138
40617046
19512443
44109377
41292559
71305
20332921
52097170
752468
24527445
46894124
16126717
31636608
4666996
21768811
3347996
6309214
50363128
48774561
472441
6678748
8969688
40162660
44806567
45075540
24418955
8818925
22007513
12739235
46894117
47776750
48621146
8567197
20151205
36803953
35398535
47008190
36429973
33762579
47264710
48502544
18019589
12783043
47080952
14899441
34577470
24240929
1775138
30476800
19443348
19436776
19460855
19488971
3640108
42618264
43474229
912194
37898737
18746315
39150006
46574079
682476
44270203
47755695
46766898
47155655
41686689
49640593
32046840
30240259
1261439
7020225
47927114
48550283
29451487
905354
17853652
17176896
2058335
36243981
11639523
1406373
1630718
42534466
47702869
50828966
234288
35563635
1621279
8546718
23050474
5060085
32371245
36023360
41925460
30058684
339819
1348627
43669607
427025
1552321
30540899
39436402
31610933
39103298
1661436
18105189
13991536
3677340
30418745
30888763
32995233
3485167
25811807
39628619
2293993
2635638
8639090
8639047
14242438
3168880
3873
951665
32808024
39345285
491487
11378800
52312755
25882172
207150
10113983
9575750
43855261
14623686
14772164
5446562
25287909
35220403
49942250
41980081
28499160
28486243
202089
579540
41008824
34804452
12217191
30236719
31079080
47992144
37993595
41527729
12018584
37064836
18671103
41427248
40932244
1510719
42004598
30871536
4609533
6115415
100462
37514
12440858
34434308
44564976
52355488
45076378
7985916
27171733
735397
4166042
36275937
208830
13907146
5133204
2761207
310780
34267103
32532296
162026
7564945
7135786
1527893
458227
730462
11960386
31058735
8251595
780464
45441577
17854605
1478028
311332
1243898
17702847
28307033
8562375
6454176
3582953
28064280
13037
45196850
25847571
5740071
25970856
5751393
40601706
40341338
42782796
5751409
44150308
31015908
28646367
42412315
21877782
35030341
5199597
15362695
18241352
3247529
24848755
28682855
449988
40936453
35850621
20781791
39688701
39390805
39741504
39693547
41681198
80949
24322919
30488311
31790176
19354070
42334908
2536583
4910965
1139833
874951
40526805
6020082
1105110
18564765
2230512
245653
33622876
41755792
13771832
47607662
28962003
44626597
3464389
30628043
1176417
48782182
11096437
20754760
2978641
55832
9986964
12240976
11812
3736852
33653035
42544626
50820777
43326718
243274
1009596
35706897
44946176
1134364
38955014
19878925
14918735
42040778
47053553
949630
40645940
2871422
50829158
31689199
44029382
34576543
46245644
1036496
1722897
19888638
4225699
3736386
42013945
2199529
18733577
31726325
2485050
48565143
48547351
35022273
45049114
11378993
44054548
22338
21441842
24758352
595639
5763983
50418330
1902721
44181888
20683417
2554936
5664987
43475427
19207589
16975112
40071971
527178
29129334
25755872
2565033
34890540
6926275
42182803
1126949
47918148
38393464
7067319
37903489
25740
36760335
1676582
35882349
36229006
1167850
22711680
33030369
25305280
32220521
39092730
41587795
31985831
41456781
22081837
37509227
508630
42559756
509892
50825415
50784982
5071799
39227619
44074365
39917118
408423
470473
6045065
50966307
42034466
34759516
16158115
38063706
40891732
35053080
40121940
38331864
52371139
339186
6057810
9531739
18210724
5719109
14571560
14388132
855463
1109514
599936
435901
52192650
13624980
11684991
512428
49207818
29533026
42415533
50311566
401486
22389653
747573
1064078
25330357
82925
32032114
906580
52322276
5545673
33889561
1237318
37198049
41408145
52407939
29769598
2364416
18046498
31989411
38925328
16657659
50718215
47375902
2177843
50447688
49737584
42606359
36054764
18198257
52106542
13965819
733993
32577096
7815422
33970711
16878403
42487771
32581966
1392233
47262926
4775115
26415584
42588651
1672788
36685980
23801796
25108136
43738290
50502217
23179251
22458858
50189314
50708383
19265786
25928708
26342013
44388446
163880
40120163
52437540
494006
27409382
42185855
2143195
36703624
15886269
18653198
29667115
35748378
39244000
184400
42758729
1956498
2583196
154125
46428106
25816542
5502068
711
5918217
1565270
151257
1686
9504093
43277085
1840217
20847763
795034
425389
253662
22821793
13569384
17581104
9482892
458427
13429554
6086544
4157461
632450
26757833
1364164
616416
1914951
7278106
40843526
40221954
11053682
17542337
906255
43750048
25682023
15311970
28775717
7951247
325773
422582
2426598
25290895
3092376
354390
4810644
22704839
32714310
37991379
3371180
22641758
33634126
2676005
1720028
18400321
4331
46750763
621622
577771
23017869
31873538
25946143
12738250
33616561
24940942
9763623
868542
1803636
12787442
1591776
802417
3775785
469765
700186
638381
30076566
28133491
8078474
164624
7506876
36755691
5989427
510826
42367355
39927642
10881161
3702751
41788550
20347481
36536128
6689859
15884386
2541814
213740
2179012
357112
17745210
21806654
3243119
480759
819930
549085
36594
17254403
24977397
1686293
177644
4821885
22225585
467003
143829
628042
545643
4389058
30864931
9701879
141480
45068464
13353327
17636615
1024217
19881804
34288145
1034211
62582
22703442
4447502
7286308
12128677
9236405
49982360
23479787
24198778
50076358
275002
23775692
9343791
7027932
429353
32194004
52165713
42295325
40093578
13471428
42478038
42717976
1506210
44497087
42869694
46312906
40648162
14661411
717425
2305154
13312698
8505769
2415788
38823496
21803763
2308951
40540049
3061897
21423430
56251
15734607
1199532
14381277
43489251
11100850
36842100
29332987
261665
1353923
33845086
25654991
507819
3769509
3210281
26632443
981118
32361658
15406
7038857
503575
678441
4166009
3036036
3631251
1209774
51351098
563677
980934
44880326
754881
39297354
17138540
2166444
1074748
2581278
20520013
35295117
6027531
28306855
6168309
299972
308527
4079648
8983110
160434
17844797
175827
42787003
2235241
12485264
49992097
14041361
26704216
21191898
2060168
18521060
42527933
19204201
222066
206392
6034691
38265190
26997283
24052501
8095685
3349962
53892
48898592
32626653
49251025
7584394
11378189
22367112
229457
11847818
37939212
710471
21466305
53165
25719819
26533773
19538531
1051502
45541610
899044
4384674
16411182
17889436
3210497
935837
10837164
694767
25351523
25222282
25975
598945
61004
9004875
3564877
5870345
13412132
37844436
30439221
43595358
27574095
32326451
43989328
31251198
41175160
2297339
47394963
26838
3584048
1778218
33564463
29536922
80197
29463763
20977959
46681816
27468
42153042
45098584
1856611
24884385
32427135
638571
2842027
30030
44631373
40250358
42757037
42746294
11613845
1678738
196870
12652754
7060621
13068257
592474
1195891
11822524
18827696
19259494
19259739
19260491
19016001
18832292
1438191
1438179
19265623
19265943
2043785
19267323
12124633
233197
6926199
6746216
8805870
4904102
81636
4442365
656759
26711156
18622314
14343172
1480004
10480103
1221916
14467287
31376282
28741834
20933415
8160512
9480280
48043731
6394650
34844037
34709122
22435262
26908517
41451789
13255959
41747720
33582933
38139092
4031582
33484132
5722138
34307271
52418868
40340818
8976158
2005583
46550468
39088291
6075425
1173091
36254916
52428456
28559721
22505457
49651913
38005980
34368788
28823087
21778681
2558500
46962826
33308002
4024508
40540336
1395187
43038630
34109212
6096498
594841
1439788
2606
16786900
37704308
50399287
43614242
52320383
50028980
41103003
40725939
34339448
32347496
45467653
9558385
43331921
32967817
41301690
1009925
5974443
33623031
49290979
1186954
51392192
23522108
47093430
26528923
3770256
19183641
25917295
23221918
614018
4212185
25853314
48941219
36964726
43774788
779990
35412926
13650140
25254619
11253356
25700502
28127837
51454888
1109129
7313363
28104688
17462493
5172402
26106597
41766360
49923370
34056237
1287084
62063
412959
10613980
15130265
33001046
30314897
26371934
28211158
32727791
46379346
913398
4613604
37885428
52299063
453420
45545756
2143987
309003
40736226
11490714
2400224
43519669
24601487
1342473
24557193
2262524
10158342
2486747
1297158
30071278
36027344
25503585
27561089
1073076
36306645
10911855
23829860
32928813
50166072
50350450
50351952
36575045
36687969
36703807
36939664
36963931
35587110
435027
2381069
33505218
33281954
31961042
1619721
40978469
36538622
3317799
438481
39542965
39676666
12121251
18676106
36560949
35293866
25798444
9505474
39484677
35110626
1003534
28488323
1469961
25507731
1279117
16319907
1616995
7194058
43108227
14867102
15580787
26448528
8771970
38520996
19724216
1111633
23893967
43123954
40843751
48829596
12780372
35619949
27588337
7561425
20727910
25173711
51758971
35576283
42602009
1755270
51623970
7610679
50166991
3462833
33288860
38098243
41237344
40905157
15925978
40053812
38086288
11592687
46998959
29032344
3013707
5290362
24463195
12544758
10721535
32173635
1938372
26159147
28645235
11488334
1960381
38360078
11128443
7657891
37431957
24338934
15775656
32536722
33907940
146319
2833919
413480
648066
2314207
33659008
12984883
13178503
36217915
14204088
48013961
16455303
22595113
4727115
1798644
32414694
20540345
42459296
36931253
800199
9714884
32971161
24168973
48800634
19401860
43342385
23560553
10089831
6377124
3032943
1430202
6642110
1469390
1597900
19185131
5293568
31301163
46695428
32038503
27104301
1672482
12116847
52430436
41046611
6598878
46285417
16597072
3217606
1415691
880725
27875566
1692873
44047943
52439668
48028934
27783090
41757159
4501411
34171724
32852879
30495334
554903
7322582
37156993
2314240
3684083
21123594
32495857
33776438
20040139
18962270
1043933
52043941
1738369
31875524
1179305
7508245
110182
663281
997739
2213571
36921157
414662
2796581
6445381
29614
618694
1856031
965462
42013329
39446055
39214864
7477483
34597460
40113717
32977285
5431093
37103551
43065187
26127535
15796740
43012227
35936172
47277667
43664786
18842471
17571799
7300618
32452076
5531470
6494267
24933493
31176312
15732668
6026829
2979656
29204022
2049992
34517958
13219414
225824
13054500
40488736
13588063
2192913
51297270
28055114
7771085
1901461
394644
23589852
854794
39610415
14207001
2397273
47322123
7796456
11383432
1454993
14652304
518001
48551077
1077443
630804
42016045
12014833
17041832
42054480
42046767
50870933
567625
47167165
24009859
8951509
8028252
1091379
12032751
10631826
46349866
39316373
61865
548150
1028232
251325
6034861
23699481
46875986
52267550
156733
32024562
28726277
1113121
9517339
34396165
41056577
46461036
35649914
30211605
47149145
39410542
38917360
11335577
28992218
40131542
42269970
34533987
46439750
33513542
45671774
34587800
22638630
37876195
46317629
45711406
41149435
35973417
25116688
12377844
44827551
5810453
33978498
27304904
4876829
33637322
29706897
33817482
46309924
46383585
46383599
46383649
30559781
12569326
9381046
24406841
23121335
7505056
23414009
39763597
1738502
45613458
27109218
42042264
48942679
5155855
29635187
523586
29500059
4273663
48921168
37623256
3709108
33939186
40978859
33110676
45338929
33817306
1278353
5505151
28813889
13411887
39784204
485355
49260711
27739893
34277128
45397995
47927556
10378924
33446126
32265410
48826084
46178125
20893991
4373615
4263046
30662809
36808378
16020743
35000283
47332086
34237851
33392966
19198930
22186908
5006780
35714879
38726769
44148965
33982330
41495802
5804642
34995416
45716178
46519150
38460333
35338525
42869502
41006105
5620087
21511104
23500844
20649224
18272324
18273518
33222330
48028028
15875957
49621716
47093157
38677627
11812724
39707752
24980824
8206061
2687707
51100724
35516473
7027513
34417103
32626271
32287062
34188350
32584593
42750911
4718196
22749538
32633909
3310732
32741920
2002117
1451416
18530193
1425083
15440112
11065600
33352625
44090554
1191588
3777809
17017781
23140288
42158823
323260
42904608
44580179
36387059
45550932
14447883
18683756
6242881
40971882
42716115
30371166
10192147
35147345
27385838
36858177
30953346
47952083
32177877
48822841
14645937
47645658
15216162
15212470
2221755
14001948
25379490
27339149
51007
35626921
41168651
1221816
43407829
18597606
45076367
31670726
23497359
33027398
45093272
9562174
52233176
472926
35030905
33448101
33363179
16708414
33805129
7477754
18809203
37835741
50372914
49207109
3248720
42864791
1444140
48252610
38878711
23895675
19969919
11573237
24368816
39697086
47064780
42361332
45676790
14854585
17331127
24971240
51984044
24164253
37635550
1471372
48507117
47142857
9880827
35957849
42105639
43452427
51607589
6584839
49205153
27167689
1339273
37745655
20385006
4908858
21423287
40340538
34270351
28773580
31465770
11766863
34153206
16596338
1534471
578121
28345422
42321402
6993925
40847781
17158627
42521752
35472894
3373347
32145239
36092704
35548685
39243585
39130673
11700841
52419529
52346601
44477100
44034302
44484824
30707644
42978713
35912876
29350500
32012332
2748049
23855565
21956200
46865873
34792669
31169863
33199663
38179118
2291916
33800061
44531186
41493385
33238562
6148814
19268566
46847636
2526804
9264157
18380868
33260258
33906198
49485454
28203190
51011550
43966233
52150314
33566188
1635882
8825920
16183380
32154732
39264202
13061715
42538566
12274408
1352838
4562206
34110932
1163377
38292783
1722896
51707442
31139689
26420592
40194846
44456166
3274166
47557274
32627395
52419387
39284984
46986804
43414394
17654251
48420902
43244415
40652771
15828020
7875833
38634202
39955359
4932685
5711713
5766790
44381835
34908089
35662895
45278038
49715530
31246361
15272838
34777100
32782174
13952434
33222790
36240983
51911790
6914157
672903
38256175
6964630
23932375
36066460
42925718
40084185
30860355
38403437
22035737
31236340
39614705
15617362
23208855
42405848
37102956
34473900
14669795
24787936
19157487
39952697
32048528
23846540
42347217
16984074
561818
9285787
1375185
4294246
9995193
1651653
24713307
10373265
37181340
46530589
28337670
8206132
38451062
51112339
24487356
38648045
44311338
4072511
51129924
42677481
51797352
29545887
46905849
48987098
37672538
19792143
49450005
31370024
49641992
28406866
40625136
7754529
7949322
